100
5 5
876 921 217 503 241
942 474 787 38 337
210 590 583 852 83
343 398 968 551 783
667 811 227 634 269
3 3
793 811 61
867 860 33
748 810 503
10 10
469 881 999 331 622 292 273 61 865 933
500 352 469 548 742 963 865 11 962 972
232 426 637 447 233 808 895 572 923 229
610 985 409 50 912 275 524 172 886 762
932 825 985 165 247 993 280 929 910 478
748 125 150 205 510 526 6 656 347 564
422 897 216 581 497 614 643 994 561 597
3 975 550 398 740 954 223 877 868 292
150 445 486 408 429 995 472 216 605 13
687 390 885 414 446 238 427 857 398 505
5 5
891 973 74 705 435
586 919 100 821 195
517 946 988 490 324
85 555 3 392 888
562 411 849 510 704
3 3
26 697 323
572 507 43
811 496 987
10 10
378 658 43 986 348 704 634 20 741 727
427 260 256 489 568 531 695 68 446 103
378 818 46 396 593 154 601 723 566 499
122 140 849 724 724 656 403 994 877 151
984 880 746 105 95 86 899 684 323 15
732 743 830 759 346 617 277 906 676 152
460 664 594 126 159 600 350 873 900 375
298 555 597 494 974 874 189 882 636 616
287 357 872 292 306 988 886 420 840 222
903 51 774 123 444 584 61 285 737 277
5 5
176 428 622 161 599
415 936 83 848 794
155 274 983 751 363
591 190 118 897 998
873 202 302 481 952
3 3
611 757 44
504 297 635
111 815 972
10 10
460 648 259 270 55 546 581 627 546 676
646 882 880 553 346 39 891 970 214 215
659 935 920 951 410 558 312 358 905 772
840 477 731 343 750 239 651 699 788 152
871 599 884 12 217 15 172 54 827 65
259 303 870 339 613 777 411 861 469 951
719 739 461 531 698 281 786 473 924 641
970 637 998 230 6 959 529 687 551 218
452 692 607 624 762 15 272 362 736 876
581 575 796 156 502 449 497 395 345 814
5 5
825 203 8 476 817
420 111 260 744 501
546 885 629 290 665
221 971 651 331 481
78 479 435 182 325
3 3
143 575 786
87 606 652
582 412 888
10 10
374 280 100 822 236 785 865 934 291 17
221 248 658 272 826 169 738 989 572 367
795 223 878 860 748 339 885 34 201 523
660 392 649 538 916 370 285 264 353 992
573 688 228 341 135 122 758 795 192 187
450 326 734 755 74 337 349 482 323 784
858 148 530 764 45 598 32 509 353 207
573 146 171 312 579 365 741 665 460 111
513 599 28 708 437 320 855 77 40 856
405 262 40 552 110 998 789 32 120 686
5 5
445 225 932 249 377
418 556 52 485 614
474 131 627 674 260
723 1 309 887 596
721 100 45 866 521
3 3
241 589 300
301 134 167
345 538 640
10 10
306 93 522 477 735 25 653 992 918 428
563 164 734 989 478 476 955 80 982 709
606 872 962 698 441 400 386 655 135 72
35 244 508 973 27 357 373 126 154 427
881 461 168 861 272 562 914 583 924 588
954 620 534 894 107 309 621 912 487 760
361 248 545 759 97 640 676 694 325 768
55 838 970 192 548 733 904 216 76 292
921 383 506 590 883 9 923 258 297 740
796 509 706 483 570 545 736 204 995 573
5 5
473 709 583 567 777
547 429 335 363 967
847 559 231 298 778
95 275 856 837 790
567 170 651 765 220
3 3
304 30 498
571 138 4
698 760 533
10 10
956 373 234 568 825 333 411 82 124 755
477 674 577 450 222 599 731 479 780 705
607 820 758 602 43 514 350 728 412 785
675 816 628 841 383 324 392 637 718 58
919 413 412 372 174 723 47 409 788 229
469 908 414 862 483 503 989 263 690 379
72 175 839 306 113 128 646 19 924 280
210 812 399 91 330 375 48 90 500 278
609 299 351 492 994 413 564 802 137 587
682 566 244 968 983 818 968 742 960 723
5 5
595 68 640 811 816
874 621 897 882 109
82 918 169 355 404
627 707 802 333 920
885 914 818 328 313
3 3
32 424 50
518 505 876
543 213 674
10 10
495 516 801 643 19 717 138 184 991 370
967 813 79 406 839 730 213 763 240 166
273 779 660 987 753 477 608 300 411 231
399 752 501 230 134 751 727 328 119 925
237 341 398 919 538 698 494 583 607 573
242 317 239 199 122 546 87 832 744 941
773 51 754 57 826 761 201 3 864 764
405 760 504 30 856 75 62 691 456 439
265 952 20 203 932 413 94 389 710 518
886 943 855 857 77 609 66 593 186 422
5 5
299 630 408 118 392
900 55 352 744 477
386 590 658 414 358
985 888 201 187 773
753 135 124 452 523
3 3
112 645 492
376 449 723
542 952 147
10 10
160 593 547 8 215 508 671 808 99 853
78 709 669 797 754 875 197 550 485 234
343 692 563 316 680 771 422 980 662 118
757 56 626 351 311 286 531 86 871 257
588 375 396 991 563 182 943 801 180 476
598 776 984 512 908 321 675 170 496 461
682 802 358 523 172 635 258 340 971 43
758 302 246 366 986 442 559 311 470 645
582 708 989 622 905 506 194 534 41 283
297 850 285 81 73 655 24 666 674 452
5 5
884 168 899 300 932
874 391 265 807 306
901 966 421 713 67
262 583 386 417 137
623 257 393 695 390
3 3
174 865 337
893 753 269
855 25 140
10 10
954 116 464 995 637 927 779 754 34 701
315 715 458 427 235 750 216 10 274 350
894 109 947 248 501 738 893 785 389 752
599 897 837 340 309 764 705 665 282 733
26 708 277 132 430 651 490 4 579 316
617 247 162 106 840 371 434 893 855 533
718 348 381 198 134 724 480 304 6 273
532 727 15 401 169 244 463 934 14 379
495 129 414 625 930 262 573 994 928 268
101 6 156 975 859 433 266 891 874 29
5 5
109 63 392 588 565
92 863 51 828 165
172 210 982 90 237
752 952 268 286 363
480 92 409 58 473
3 3
220 652 772
461 73 261
982 767 196
10 10
790 146 307 31 993 782 32 473 385 999
98 940 293 321 73 806 59 987 224 976
113 97 361 835 537 626 157 749 524 971
799 9 842 681 778 813 275 187 816 715
231 135 217 487 963 101 253 571 267 651
549 455 200 77 192 328 179 791 983 527
769 515 250 88 675 175 61 397 473 542
16 556 786 715 829 239 461 30 358 191
965 675 76 573 69 309 449 162 542 682
735 685 1 448 109 928 549 672 707 107
5 5
155 767 847 241 405
57 171 322 663 350
662 855 987 965 389
493 212 358 707 545
335 491 46 584 356
3 3
181 744 307
10 431 753
157 235 703
10 10
568 662 5 911 814 559 853 574 66 226
630 709 938 802 355 128 247 938 823 605
219 878 393 401 163 653 513 481 812 688
49 854 504 129 206 540 49 811 613 367
642 317 594 717 307 333 990 784 70 25
180 458 134 435 688 606 360 741 412 583
774 913 249 948 150 819 843 316 742 67
49 939 201 514 108 172 279 284 834 285
96 558 540 957 72 987 316 230 380 303
802 176 155 773 703 251 402 986 444 573
5 5
802 530 893 715 829
832 574 79 977 846
96 841 531 135 922
182 262 430 511 899
136 721 636 588 375
3 3
617 729 618
313 350 331
772 503 759
10 10
707 994 844 389 977 145 976 139 392 659
456 407 14 61 83 930 5 24 529 340
587 529 560 324 136 812 981 133 61 752
334 867 855 990 551 200 607 480 516 4
60 498 733 840 751 675 878 781 934 994
173 701 789 316 818 883 664 6 248 761
540 966 999 789 511 112 972 468 111 671
786 448 969 7 21 337 908 288 696 992
592 659 893 935 202 175 967 624 825 379
671 633 395 436 799 35 879 605 90 244
5 5
88 767 944 824 795
557 274 82 210 992
414 109 921 778 601
744 688 78 277 599
587 775 33 46 677
3 3
608 245 190
652 263 409
406 365 652
10 10
68 651 579 537 21 344 84 46 949 886
371 553 399 346 219 294 176 999 668 125
516 877 480 734 811 370 148 318 467 701
930 595 19 427 811 371 242 117 670 874
488 380 582 740 415 273 770 135 583 666
318 121 357 722 296 28 260 406 918 965
701 312 415 514 1 636 29 531 610 850
402 924 54 927 543 766 145 147 130 715
471 491 310 182 717 148 64 642 934 643
69 546 840 877 374 221 248 134 583 586
5 5
972 634 475 715 549
547 272 202 943 609
237 103 575 995 365
361 353 562 887 785
394 43 791 585 599
3 3
375 637 853
617 914 214
872 162 615
10 10
495 746 879 314 727 936 494 740 454 258
798 979 202 988 519 163 604 287 310 698
597 749 953 275 878 192 482 802 724 378
389 283 530 350 341 258 92 760 4 494
485 53 331 470 316 121 558 307 442 209
121 341 94 518 881 816 404 265 527 169
237 695 837 336 774 630 802 690 309 295
783 933 136 92 984 694 536 404 917 818
544 516 289 36 370 549 232 328 640 135
603 329 174 464 938 623 184 138 844 783
5 5
64 276 597 257 467
134 123 733 780 498
242 54 980 963 112
457 833 963 539 732
975 819 710 11 180
3 3
391 886 738
463 101 36
842 211 671
10 10
862 204 481 952 433 236 363 147 589 158
246 594 770 506 673 921 505 768 367 207
565 99 372 758 938 269 39 899 528 632
933 908 546 494 335 829 143 385 478 568
77 320 580 452 448 632 960 502 565 894
723 815 396 323 172 482 804 398 292 78
469 897 99 673 77 815 604 53 94 270
796 696 279 707 482 590 149 531 39 169
465 142 899 780 632 573 44 727 956 128
365 319 554 210 879 57 843 63 835 837
5 5
476 524 206 229 577
535 111 139 822 442
4 746 620 928 353
364 599 555 958 136
290 208 378 208 23
3 3
795 433 479
753 629 556
697 942 692
10 10
111 464 911 320 165 567 589 758 690 119
329 610 639 775 859 441 487 478 390 105
277 63 56 860 645 535 134 11 11 826
367 423 571 713 18 604 670 593 180 153
657 843 314 787 129 311 497 263 494 218
907 965 441 489 364 870 865 227 889 277
867 65 311 510 593 221 250 22 56 424
987 551 121 204 7 777 582 457 367 452
367 274 305 82 263 846 929 964 314 944
200 230 632 565 834 806 376 326 783 867
5 5
970 59 146 638 653
486 948 168 420 376
652 66 552 990 182
545 931 586 704 580
792 63 58 4 604
3 3
436 848 17
927 496 887
793 7 572
10 10
238 961 97 551 292 777 205 816 130 856
398 291 457 602 528 445 253 690 117 387
628 221 6 333 889 906 861 934 740 841
974 14 449 585 561 897 250 215 465 445
564 711 880 633 342 123 59 541 397 408
170 715 725 243 736 620 658 768 777 595
637 363 160 947 990 722 139 76 383 241
976 80 713 594 265 672 512 141 770 199
420 32 825 408 721 844 148 395 267 723
569 80 619 154 327 453 29 950 563 488
5 5
178 443 223 514 717
904 722 253 202 558
758 812 608 198 374
213 258 84 467 508
356 692 959 678 391
3 3
145 395 655
942 79 466
837 320 543
10 10
155 995 30 99 419 837 39 964 657 830
765 652 324 379 11 617 634 832 787 157
337 294 364 998 224 6 734 380 165 478
531 143 637 709 548 60 147 619 169 844
715 861 575 887 520 13 974 484 363 224
365 128 136 990 650 508 219 98 825 375
785 205 732 167 693 465 922 243 324 190
8 567 509 665 193 988 780 218 186 705
642 511 506 819 239 59 747 744 473 136
834 476 296 166 372 760 760 510 154 188
5 5
693 791 589 334 159
189 731 597 94 462
755 734 326 707 996
491 78 890 288 354
330 201 819 471 1
3 3
727 392 785
738 353 666
493 7 602
10 10
117 809 350 827 916 336 920 260 754 714
780 449 466 60 327 659 791 29 800 557
573 652 437 661 915 848 811 382 291 552
27 860 269 930 916 275 192 892 727 643
435 197 650 37 811 879 525 598 933 492
243 110 539 267 950 549 798 576 509 368
183 846 704 570 218 814 288 908 939 70
84 334 432 428 864 259 158 92 407 761
852 796 503 283 814 634 870 224 120 841
854 429 796 702 694 507 217 198 160 420
5 5
924 698 328 982 482
410 682 516 192 371
950 512 596 391 69
43 8 588 421 94
509 307 964 35 715
3 3
649 346 951
754 375 418
81 51 535
10 10
598 292 270 684 450 410 510 649 72 27
231 608 332 655 477 369 700 571 56 651
269 342 418 956 980 691 728 494 248 369
466 957 305 588 749 680 58 912 665 321
514 410 146 780 82 743 917 42 498 115
818 282 919 922 743 411 736 135 15 5
688 272 249 296 748 295 992 475 602 176
192 379 541 75 159 275 872 264 294 437
678 192 911 220 14 728 677 412 711 267
767 550 703 39 935 709 113 987 867 232
5 5
990 698 213 528 961
812 999 887 980 569
340 651 984 277 259
173 387 55 530 762
616 950 357 210 923
3 3
181 916 37
5 981 226
712 194 356
10 10
468 345 795 874 319 424 444 841 989 182
947 175 248 873 312 983 422 402 495 122
254 609 49 931 957 251 164 885 243 919
217 634 751 151 920 395 712 570 388 754
224 752 436 325 773 76 128 275 752 171
943 737 17 354 440 108 136 191 744 397
211 985 781 955 371 388 887 709 263 145
465 380 883 533 567 196 96 799 449 357
261 800 328 709 665 58 725 512 314 298
325 140 877 721 450 661 452 198 427 81
5 5
578 722 14 517 168
10 929 424 997 370
311 908 335 635 346
378 500 784 551 699
112 301 882 335 697
3 3
57 298 51
710 760 814
677 732 552
10 10
961 602 920 964 978 447 618 940 674 626
703 925 79 93 227 802 149 597 148 479
92 461 362 746 768 212 326 467 548 281
404 969 950 427 319 957 277 265 697 959
386 120 25 719 816 786 981 247 999 999
319 286 108 427 347 756 95 340 488 619
277 807 668 995 883 508 866 554 391 593
236 262 908 230 553 399 512 758 311 126
93 453 81 641 365 28 457 740 877 77
354 450 128 436 557 313 703 679 917 457
5 5
418 308 170 537 974
809 577 542 58 758
446 859 651 690 53
166 819 402 27 659
501 873 298 723 57
3 3
524 692 344
427 231 985
512 132 103
10 10
613 844 568 868 351 87 785 644 673 502
895 405 525 207 143 8 806 473 879 431
188 658 240 427 987 910 528 975 375 482
710 945 845 462 696 912 961 904 588 393
62 137 775 686 542 812 578 393 499 328
890 898 167 978 165 675 223 645 386 92
614 588 29 467 779 739 631 436 872 12
632 303 205 730 906 446 680 542 942 360
191 649 680 180 798 3 592 472 287 370
875 868 230 907 392 901 881 444 230 403
5 5
772 455 132 231 43
499 533 722 796 78
631 322 870 455 73
513 201 811 470 497
748 744 3 942 288
3 3
647 402 924
646 330 389
593 99 319
10 10
674 350 478 676 634 638 921 902 379 869
103 837 896 669 484 868 270 841 975 955
742 129 223 190 301 677 220 108 253 654
970 342 195 958 451 127 513 390 911 163
988 996 516 128 231 5 316 598 951 615
837 455 313 55 860 16 305 940 171 597
657 255 998 545 570 4 680 74 987 266
632 499 608 755 115 543 261 532 916 852
702 218 171 154 160 479 895 373 323 967
621 788 255 398 550 854 424 908 304 911
5 5
96 574 736 992 971
52 881 436 94 693
353 873 612 674 71
802 99 97 980 802
525 424 156 421 162
3 3
799 480 995
844 707 944
883 808 337
10 10
727 635 59 631 173 233 953 663 352 320
982 176 371 160 197 124 667 278 40 858
213 757 529 13 319 811 848 198 317 973
798 832 950 573 226 620 950 863 27 563
981 699 963 320 496 104 564 450 398 271
716 119 190 251 787 908 654 172 666 955
933 661 782 271 441 677 744 519 195 619
209 917 726 960 940 400 250 848 475 415
604 911 440 286 124 29 287 639 330 861
349 379 288 575 740 228 469 750 601 907
5 5
196 451 951 688 313
543 542 632 701 27
826 331 952 954 206
605 250 352 433 411
811 753 519 617 269
3 3
407 827 92
472 705 159
811 988 120
10 10
297 162 745 44 769 797 351 878 243 193
927 46 134 471 234 702 946 287 374 828
194 84 328 149 177 236 544 919 267 492
148 714 435 864 719 69 137 292 15 448
820 448 360 738 732 225 985 91 302 766
153 430 562 935 920 161 395 650 478 198
358 714 395 242 133 561 526 659 858 735
411 964 386 854 204 143 183 266 127 772
486 822 757 300 487 953 676 399 737 393
717 860 905 162 9 973 727 16 425 808
5 5
511 725 157 237 53
130 918 724 776 364
130 517 628 654 928
910 453 772 752 300
235 758 216 25 586
3 3
791 767 513
520 529 973
780 216 444
10 10
451 191 123 154 541 270 123 926 796 578
474 892 516 202 741 402 461 31 248 225
511 230 203 829 382 819 698 48 856 849
758 729 561 672 832 379 785 900 481 409
81 32 132 538 685 218 964 623 727 539
242 317 518 607 213 253 27 41 230 390
288 516 477 657 801 617 838 428 85 790
419 599 760 590 470 173 528 829 814 519
443 556 27 968 39 49 526 278 149 490
139 333 692 105 425 604 663 18 111 605
5 5
96 480 911 14 566
485 825 899 903 984
876 896 497 295 830
833 121 718 396 325
86 387 986 566 551
3 3
834 287 665
789 645 436
433 214 681
10 10
549 30 55 56 484 836 848 137 304 972
459 32 238 903 364 863 252 896 855 519
617 68 514 831 57 467 417 146 530 819
6 262 808 476 930 245 195 644 31 318
659 328 395 451 978 339 10 533 232 479
611 595 110 723 765 245 885 154 871 928
55 944 843 530 652 77 611 946 321 713
477 978 946 211 893 576 672 381 379 641
152 488 70 526 649 865 877 274 314 511
953 404 265 460 583 673 839 151 206 731
5 5
795 561 803 805 432
544 833 245 30 423
925 981 346 851 310
700 621 282 287 616
139 357 157 103 972
3 3
33 709 543
905 411 314
629 374 435
10 10
93 740 587 505 807 587 971 592 93 338
54 365 628 665 309 823 672 185 42 447
708 661 780 73 276 436 693 935 183 360
797 851 582 578 786 484 190 464 227 640
570 782 654 993 990 426 98 877 135 100
353 805 757 530 486 560 422 417 522 459
661 111 541 256 76 857 676 6 160 512
461 202 154 771 761 427 663 365 692 914
433 904 774 30 54 507 950 805 463 534
573 76 663 377 16 383 581 903 847 257
5 5
720 685 679 632 248
930 308 614 722 310
148 1 467 467 62
458 32 257 502 51
346 168 871 433 177
3 3
890 36 194
483 363 463
675 711 944
10 10
904 241 937 987 884 741 168 43 406 607
307 966 47 264 209 16 740 821 299 543
219 471 368 781 969 357 588 677 340 485
237 579 468 74 428 554 186 394 410 889
944 200 943 261 936 460 259 832 708 527
894 445 663 446 27 989 464 791 783 567
176 606 929 996 867 514 972 251 572 161
418 11 28 125 519 492 991 672 618 775
349 556 686 243 431 816 785 266 923 596
753 336 581 401 887 508 916 697 295 979
5 5
592 779 931 123 630
120 1 137 628 763
222 470 70 584 159
313 806 109 257 128
275 8 787 619 581
3 3
496 708 316
91 245 498
259 843 122
10 10
126 925 400 287 615 797 399 611 68 944
187 616 855 931 864 364 411 837 477 516
163 16 209 367 993 933 252 106 385 466
910 775 611 607 440 73 950 936 572 646
967 506 71 813 398 304 526 386 639 865
981 330 494 914 662 666 983 385 55 139
975 951 31 379 109 795 730 850 515 513
211 980 696 217 131 376 682 971 16 265
80 872 885 586 572 946 885 237 350 913
539 990 474 852 492 848 631 366 306 707
5 5
193 344 549 693 298
560 336 773 948 776
43 288 208 569 173
980 297 952 450 598
950 167 258 944 523
3 3
529 658 385
935 895 543
836 997 386
10 10
175 639 968 834 279 680 328 626 230 39
589 232 265 793 609 144 418 430 795 523
314 702 582 522 713 410 657 956 173 750
309 714 380 644 838 100 200 178 894 675
896 846 639 492 816 356 994 13 417 587
235 925 278 1000 895 372 169 755 599 160
175 731 47 963 534 777 331 290 563 742
836 920 281 915 200 115 265 546 811 421
453 670 882 241 743 836 824 633 331 441
656 257 5 487 314 19 138 973 706 702
5 5
187 229 901 15 746
397 879 503 312 541
355 993 47 915 19
361 350 87 303 214
102 751 316 288 677
3 3
32 621 591
396 491 944
442 759 876
10 10
784 803 230 225 456 184 253 737 541 820
717 860 63 833 320 137 879 248 785 907
396 545 676 760 969 370 429 127 510 495
83 949 468 957 302 140 368 632 232 776
22 893 223 18 518 852 783 580 361 587
342 799 707 655 960 322 183 915 696 989
25 759 645 71 860 111 969 429 904 506
729 779 465 351 995 950 649 50 672 451
659 254 583 275 538 545 385 919 50 642
240 327 775 269 514 721 142 873 510 851
5 5
143 263 536 647 223
567 13 147 930 236
352 295 268 263 544
502 398 706 866 593
27 677 759 849 743
