100
2
200 100 100
2
1000000000 1000000000 1000000000
2
1000000000 100 1
2
250000001 0 1000000000
3
10000 3000 4000 5000
5
3000 100 100 100 100 100
100
1000000000 1000000000 1000000000 1000000000 1000000000 1000000000 1000000000 1000000000 1000000000 1000000000 1000000000 1000000000 1000000000 1000000000 1000000000 1000000000 1000000000 1000000000 1000000000 1000000000 1000000000 1000000000 1000000000 1000000000 1000000000 1000000000 1000000000 1000000000 1000000000 1000000000 1000000000 1000000000 1000000000 1000000000 1000000000 1000000000 1000000000 1000000000 1000000000 1000000000 1000000000 1000000000 1000000000 1000000000 1000000000 1000000000 1000000000 1000000000 1000000000 1000000000 1000000000 1000000000 1000000000 1000000000 1000000000 1000000000 1000000000 1000000000 1000000000 1000000000 1000000000 1000000000 1000000000 1000000000 1000000000 1000000000 1000000000 1000000000 1000000000 1000000000 1000000000 1000000000 1000000000 1000000000 1000000000 1000000000 1000000000 1000000000 1000000000 1000000000 1000000000 1000000000 1000000000 1000000000 1000000000 1000000000 1000000000 1000000000 1000000000 1000000000 1000000000 1000000000 1000000000 1000000000 1000000000 1000000000 1000000000 1000000000 1000000000 1000000000 1000000000
20
132536881 4902128 3403055 2699915 1079901 823222 321830 332006 106218 163556 134673 87279 43219 24727 9972 10301 3408 6797 2844 1821 1649
57
51031949 5336276 9312421 1633931 3417661 3309362 6238637 3451600 3051775 7986490 9799692 2334709 8931141 5642586 5735643 7731922 9109041 8856692 9006924 2335886 4267778 7166852 9908687 8373146 6412575 5955753 4031071 7955349 3032057 1177188 9104013 2264190 3025025 5147820 1777495 9775901 2627259 2726324 8960566 1912101 8573858 9278014 8276254 8764412 7030029 7970894 1380324 5141417 2421575 3227596 6877416 8989415 1359730 2823505 1505494 2312112 5938588 3214171
72
134578501 6020640 7525988 9164947 7291412 4013921 4769631 9845875 2844381 4829179 9931148 3000606 8274249 8757994 4268021 3830562 8551072 6434216 2353238 2677624 3781889 5945051 3521848 7560586 6488581 7867899 9529923 2768025 3926298 7173744 9215939 8940410 4151427 7976670 2134399 6757906 4101430 7029610 3333873 2266817 9320681 5822680 2541923 2933389 3961295 9732509 3904198 7825514 3467182 7265611 9818869 8709761 9727953 4509323 7819469 1019790 3056885 2309368 7763149 7139453 1852502 1884019 6097805 7949119 3742601 9218443 3147804 4324596 3486718 8109969 7319039 5979659 1075377
90
6125734 4099432 2227061 7317138 8334193 6535169 5091223 5335563 9498963 6024779 3663860 1939701 4878814 9181577 4085457 8695111 5533318 6772674 8933126 1753635 3840768 4632677 3219778 8089100 2276187 9828603 4603253 4002708 7878701 1093242 4284392 4029248 3427092 3529103 2007916 2595441 7838267 6048495 9997299 3892798 1173921 9453845 1846937 6027994 3711781 1425187 7925530 9207362 3952935 7001665 5321125 2604353 9277394 3008391 7605384 2589322 2590773 6436959 9372891 1823878 6245822 7247978 5229874 7962214 8392204 2582665 4701116 4757734 7970987 1023906 8368847 3101607 7749611 6252326 2199165 2462574 8638678 4334843 2241118 6059902 9927004 8892681 1863467 4162731 1604439 4473268 4600046 5659805 5189934 7770151 4691977
89
9789087 5988431 7959940 2173360 6144770 3071949 6700649 8050567 7208824 2189026 9700400 4477107 2706112 8776366 2430725 6448171 2890889 3884487 8637603 4377198 8180010 8069976 3152894 8851651 8104041 2515632 8436300 9204236 8529585 4123231 6419358 2693164 1670923 3023766 5473584 3818601 9065193 8791541 4475078 9120325 3454867 8192005 3920115 4224575 9445126 2449406 1451591 7040859 9358126 8218440 3704563 6207815 6092793 5132959 2741215 8013500 7984392 2644299 8930752 7692674 9164943 9229753 6122148 5455190 8237157 7860500 9251283 7863131 2125818 4362270 4806358 4313279 2518187 7754629 4177305 5845364 3446887 1881751 1470330 5382425 1221396 2897162 7542455 9807517 4335536 7318502 8948958 3282812 7201730 9790935
96
30067285 2729977 4796286 8168042 1528038 4089353 7730925 8940671 7155912 3978393 8919720 1892464 5686963 5923208 2100104 2864737 8073407 5801740 8764882 3926415 8712872 1407427 5518274 4553265 7328582 6214594 6882756 6653062 4533237 2245421 2960184 7045747 3243190 3066562 9050995 5004095 8324029 8981012 9733548 1095269 8057412 8263266 2800698 8573360 1710493 8450773 3730683 8887162 6160962 3730819 5910772 2319634 9975164 2183641 5318583 4945640 4318399 1219826 8657782 5133919 6984345 6777110 1146509 5073020 2727878 9135932 2239114 3631409 1262558 8224393 2355379 8180096 1704984 7898007 7079103 2751178 1339274 8693302 3588552 4302510 1935442 8527748 7529640 8867190 9222917 4972837 9882776 6966620 2019026 8321673 1499204 8917889 1396747 2182687 1145105 3801916 2668381
20
49688062 2421538 268765 35387 31898 3516 345 403 117 4 1 0 0 0 0 0 0 0 0 0 0
20
104049932 5367042 2055965 361430 524267 221188 64923 134917 37148 33381 2642 1878 3266 1781 1102 613 238 263 141 18 20
80
22086441 8428843 5057665 9213467 8928642 9783259 1371330 2612648 8972506 1703091 4260041 8690551 5819984 7872296 5749136 1119281 2862936 1593158 8141456 3259854 2805714 4212008 1894515 8392476 8890663 8041970 6668195 7217390 6306536 1343936 1433328 1363099 1178886 5190346 1843725 3907595 8229584 2803068 3631794 9076332 6196841 1364361 1627788 2257554 2704701 9838511 6079056 4106331 4174830 4539525 5138086 9509663 5048590 5872249 5841076 3597905 6481884 8482796 3081773 5445674 6559181 4507013 7230776 8022851 8844616 8737918 5363728 1314267 2979908 2897745 3473443 7411077 6604373 5602292 3220531 4759411 2936030 5222580 9102344 7169892 3546126
88
89120855 4739044 9386983 4337011 9049614 8823212 1436480 3618617 3245111 6702527 7431173 5849699 4450684 3213400 5950741 3249028 5731719 6283903 2798283 1953323 3354337 7621935 3404223 3525662 6653233 8682855 2639381 3697305 6019881 9319084 3546431 2029330 2989010 2835240 6827438 8323211 1080230 3984103 2627306 3767764 2771001 8816171 4962020 8442532 9849528 8285405 8587839 3726445 6425411 2636477 1188841 3374553 2091681 7985621 8450666 9750322 3411306 6965654 6597874 3162901 6862195 3666838 8101168 1513049 8126561 4294178 2749873 1628749 9778835 9552399 5025193 2257251 2841098 8704041 1023113 4429799 3739396 9500578 1118466 8592128 1329504 5381692 6011836 7223465 7674827 2086035 5533088 6272788 4707864
20
122247124 2360190 3240200 695954 1883951 890218 239801 473216 360891 163479 213082 156106 66566 64132 15606 22592 21069 9805 5283 4296 3874
20
94283982 2521807 360138 149523 205087 80740 18456 2823 4875 898 479 267 81 40 10 5 0 0 0 0 0
87
36541119 9015759 4868774 6876392 9031986 2296824 7893085 6828697 2454714 2625944 4729039 5941786 9249132 1310220 8641107 4662340 8260514 7251125 9280692 3266485 4709026 9809077 2434136 2603880 7087369 3529181 2399859 7878208 1108232 5761511 4351260 9237618 2549390 9739545 4435467 4978960 3969334 3010812 6588039 5184131 5059279 7369759 7379897 8162745 6188077 5034939 9598263 3684467 5669451 9692860 9884497 8906497 3706912 4405852 6652386 9772414 2136528 2714975 5560857 5944312 4409785 2608057 8514795 9774894 1081813 2605342 6088492 5699850 7353207 4398153 9836376 1919342 5801398 4568823 5548065 2251992 3849488 3317325 9036739 3622073 3455827 4984794 9251952 6454659 1467534 9693958 2940646 7184465
20
109932137 2907269 1777557 1745708 497331 256155 390494 73355 115221 64548 26898 19016 2451 1285 3454 2761 204 519 634 278 36
58
8523206 1368349 1758685 6143258 3612802 3721457 3443026 5697542 7609649 8143251 6345373 7117548 6966943 4496758 2850219 7357287 5876696 5078644 4478943 7253799 3205786 6175216 7653394 1790901 3024055 3998964 5250848 1918485 3284837 8533989 3488714 3049438 7817762 8626379 7362493 4531669 6097620 8755430 7648381 6736422 1572256 2880458 7847912 7850479 5509331 1099687 4466453 1557612 7341608 5906342 6331808 4048619 7731169 9375018 6366416 4478669 8416058 5286267 2522019
74
7141345 3569429 7910161 4584534 8792465 8515897 9088419 6367740 7042294 9592714 6121085 9114376 9759335 5445201 9873997 6486887 1643771 4803392 1826698 8629670 8054398 9995799 6445379 1415230 6710571 4348413 3133480 1019205 7057079 6198947 3438413 4046725 2539037 5396105 9003195 7857062 8542127 9040260 8100866 9332987 8150149 6935051 6174316 8947919 3809622 8129412 6171633 8023587 5045115 2411936 5688465 2750360 5099117 7650994 8942583 2263778 7468933 3031615 9067100 8153810 1302132 2004119 2085414 4417565 7107990 5253060 6259370 4355791 9389291 6023923 1076597 8262733 6307734 6729686 3498622
82
50155064 6035606 7105937 4411043 6751068 2300006 6783581 5472249 8898866 6243249 3900216 2031002 2978630 3137422 2476796 9364332 4128765 4095613 5833676 1305074 4179752 3067629 8464924 4573582 2393181 9625950 9308211 9889370 7516273 8847063 1429641 1787734 8771969 2892711 4644268 3215688 4607078 2808035 3228064 7747091 2308959 1060816 7514763 5832564 4853290 5437397 6444722 3324059 7412896 1963385 2853353 5252622 7180122 6636458 7396287 9849543 1353126 6407974 5276250 6593160 2820073 6074027 6771888 5159805 6286424 4067266 2573411 7469150 7204324 6380596 6855601 4424616 1497765 7007094 8925621 7453379 3651617 4695477 7936382 1680425 2443027 3336785 2825188
88
6320721 1274349 7405241 7513970 2292896 7832419 3822413 1487173 5701277 4128488 1974832 2375781 4209327 6397679 9848225 2429597 1695976 1245914 7639544 7598209 1722118 9811577 3105768 7031551 7263477 8136242 1999855 3447254 6547124 6533043 7519308 7324240 5545372 9622164 1324784 1478820 1995615 7413370 9412741 3882079 6350047 2190509 6840731 7024524 8671946 7112261 4356921 1150709 7466323 3329556 2704618 9583894 3949930 5381806 6343620 2141081 6115559 8513949 1488014 8164876 5347528 9286717 4076185 4121832 5550799 4306808 2685401 2777211 9330503 2638435 6568030 8731345 3046251 8447233 9315755 2314016 2099508 3263829 1989714 2856039 3437258 8763292 7093901 5128923 5658616 1145861 1147425 9571700 5010436
85
17288706 6455975 7889295 7676753 7790781 8260379 8237855 3172607 9998430 7532349 1832233 6301349 2325780 3550345 7779964 7097811 4997866 3242442 6103152 1764214 5866430 6376592 2467795 9914973 4229720 3734068 1156817 6046159 3582566 4106866 6962905 7776202 5643413 3144573 6242662 7839378 1566228 1662791 8322599 7465999 9107484 1771197 2801947 8202721 8217630 3081306 3554850 5312284 7539308 9856680 5939521 2662174 8141975 6719969 1344288 7471564 5982107 8339891 3341754 2120416 8523372 2862853 2234545 9540628 8905651 7735086 9453511 4781220 9750933 3704402 2222026 3958885 3645247 7718195 3033993 4724206 7518531 3469615 4339001 8176210 1597113 5439158 8321360 8644255 7071824 9911719
20
52648225 1885101 84349 49645 13031 2121 409 109 14 4 0 0 0 0 0 0 0 0 0 0 0
72
31967518 6349360 6320359 1733723 5270279 7478309 8299048 6320922 5388312 1462758 3540844 1085799 6595639 2548065 1536735 6025706 8946279 6921777 9340290 8782007 1990373 6775866 6217183 2180890 8487411 5751698 2758171 4461151 3858867 4893752 6152073 2440162 4450749 2168856 4260867 8445010 3732617 8830903 1454906 9439609 7160660 1365159 8157071 5641280 1411700 6905218 5978347 6487639 8440839 7719294 8717213 2085896 5361202 1836982 6005369 7507495 7898878 2807786 2670045 3214934 4692218 4607971 8132203 4426916 8366117 5136492 5664836 2270353 8936727 1084081 6833324 9173574 9322406
79
28223023 9904531 8938732 4139657 6621221 2653240 2190776 1055439 3473839 3949864 3644957 5298408 7964890 9491201 7498893 8320343 9096098 8470956 4368505 3102700 9338071 8974752 1272374 1984878 8275485 4161712 1281675 2201050 3192208 9768934 6064851 7937184 7278890 6993604 5296524 6740841 2547019 3990086 5374917 1321677 1886133 9920069 7507542 2140206 4759472 3297962 3175574 8469152 5764243 9515635 6961541 9503839 7213297 4690503 2863111 3505535 3200845 4112042 8056667 6361339 2389609 5703547 5113634 7881309 9006903 7930863 5984250 8228756 1021119 7749883 5388171 3302345 7602158 1317782 4549729 5842658 5437099 5024067 6641436 1213476
20
106030165 1230535 1149352 554739 165004 117387 56899 23141 5012 2023 449 293 199 118 16 22 3 3 1 0 0
60
7558099 7957269 1438212 8751389 2698369 7307538 9467515 4051959 1249967 5980637 9502418 9727663 9476317 7608692 6110908 6592062 1439113 1012789 2704398 4818781 2511253 9646822 9455645 1728550 5362668 4464368 2858738 1888428 2106571 9006391 2057837 3129912 1652657 9915893 2300627 5878993 9351629 1137377 8323243 5112209 3690730 6232946 7786595 2891627 1131931 8020420 1800891 4417624 2311913 3722739 6366431 4978745 9953103 7259336 7830248 4558174 8812820 9093639 4160943 3504571 4120460
82
10636619 9523775 7208000 8835976 5260278 7093199 1919363 8851711 2055997 3976621 3434689 4972807 3757535 2613297 2439991 3524739 1661600 3692176 4313991 5226150 7427355 8329306 8298442 6149564 3450336 7518245 4524976 6518964 5023915 9736371 1522405 8708605 7772886 5527620 1998731 9139459 7340287 7187574 1912462 8126718 7358014 5044666 4691591 1997179 4580419 4834520 8484958 2025807 8360320 7566882 8671255 4033071 8201782 3328595 3350458 5747740 6854391 8442346 9678578 8971093 2711290 2738314 1052959 5024267 6048526 8452279 8131543 2342714 7613354 1510241 3123048 4905087 2349498 1350760 6673617 2807833 1583541 1207099 7742538 2181906 6517217 1459464 2520024
59
81873995 8305296 8511882 3977989 5789669 9900296 6724358 2699468 9650921 8200814 2619230 8052319 5367877 2877533 1438943 3950443 3044515 7013153 5898430 1275966 4605898 6041406 7852595 7782721 7879436 4515828 2550619 1441221 9068797 4684794 8906701 5475043 9095065 5194399 9007837 7753290 8729098 8739495 9009326 4355974 4413050 5519502 2613589 7809660 6430811 8523197 7496193 2106250 3480430 1078629 2041268 1904541 5135467 7020865 8287915 4364499 9243742 8397494 4951563 5176969
70
188969866 7623353 2070299 4414706 2896555 9521385 5752636 6639093 6989306 8859007 6679580 2830596 5390970 4745414 9462303 1829439 7199488 7049003 1577229 2470510 2856217 5100645 8158873 9745439 8617574 4438408 6434492 1244368 4004604 6185607 2101571 1500542 1414564 3703096 6174244 4627600 9642468 5743927 5331453 7024160 4142635 8211852 6184821 4987449 7592412 4578125 4949162 5530203 7755700 6613464 2319844 4934667 7986585 3843406 8746691 3587597 2923114 8675301 1924862 6783473 6577882 6940522 9336432 3531866 6070538 5884504 5473512 5556994 6170485 1700651 6084597
94
50908506 5246327 6049086 6813663 2624384 6491877 7268361 8819264 4953688 2063924 4637438 7071855 5177885 4063360 5678744 4900966 5393716 2169060 8435826 9983650 6913232 2862053 8660929 5893464 4774891 5420927 4177453 5911227 7098537 8953212 6106320 7487073 5747406 4762243 6318896 1851101 9314831 6724175 9830462 5342142 9926245 9136930 8037770 7445449 8695949 3401022 8904413 3856121 5317988 2475665 9345144 5906230 2857311 4681232 8613188 3783461 4239303 1328904 8329873 5254482 3505839 5603293 2381052 3070553 9873950 3177017 8757089 4193777 2712746 1452885 2246832 1546679 1472676 9490654 6933484 7197690 3103178 2525312 2944031 5687256 4515798 1986130 9973604 5030207 5021556 2586344 8132868 3701706 5673425 1235938 4880969 9231133 9806355 2240100 1584129
71
41569414 1921498 8093802 7990610 8938328 6664069 4858867 4319926 8486400 3562989 4819809 2006898 5357192 9890921 4275734 7156681 2515147 3186708 4391340 9027433 7609349 8276860 1556607 1021809 8182294 8339861 8247199 5991803 4799044 8860268 2072967 1664029 3353992 2507973 4281052 9318378 1602127 5985451 1269546 8010309 3234334 1223637 5894362 6919000 4381908 6889729 9241275 5772592 7817046 9540752 9597954 3868077 1763199 5240800 7917730 9359406 1839283 2555741 7195119 3456283 7800220 1657876 7957366 9048173 5832570 8007258 9730175 6891413 1670672 3087362 9942827 8730003
20
116399557 6296520 1922295 1054468 2114300 271388 259566 501995 504680 393456 43365 177765 147625 52365 74176 27376 21347 34263 15512 12781 11542
20
113235767 5031757 1871249 2242205 250788 645225 189287 308950 45099 45641 62755 13754 17127 13490 4939 2711 1412 1172 1412 462 115
75
8105747 1659551 1038024 1445389 7845967 6755201 6675234 1262062 3880536 5522057 2698611 4989524 8962034 1822580 9871244 4786818 4556955 1416962 1496441 1758621 2309805 8475574 2851591 6870853 3484578 8853672 4150745 3570199 2947466 5250620 8199772 4959610 9588335 6147922 3385485 6930360 9660574 1242997 9557689 6022441 4300979 3907784 4980735 4649929 9452147 5042579 5906651 9837147 6506683 5199395 6763637 7512987 2037874 8926753 3381461 5924646 8200946 7164886 2950733 7420792 5792369 8061364 4319070 2112608 6501976 3381282 7511485 7612369 6632333 5267007 8280312 7056263 5197858 4926051 1116580 1938158
64
68931281 6674555 6674643 6063685 4506690 2585082 1400267 9056463 9160768 5122857 5012822 3243554 8524763 1780965 7127291 1940773 9166976 7954296 6121849 4858368 6786251 9949137 9622313 5667155 4455056 2256181 9188746 6460209 3212981 5592264 3515478 1564486 3089620 4634186 3865412 6016467 7294401 8139413 4659580 4198957 6053576 3179331 5498359 7371546 4749966 9112845 5628967 5600144 4711631 5203981 1090407 3552598 1890796 4324152 3186075 7192296 7919615 6799813 1374816 7040722 2782761 2180297 6902150 9105888 3087603
20
88919031 4164285 838632 469162 442691 1015509 231648 104089 170949 165456 110646 64479 27308 4046 17493 4753 2471 6611 928 725 1247
20
102522525 3032119 1023381 485534 306826 41580 28934 39892 11615 7724 2249 462 966 149 179 96 33 6 1 2 0
80
16385984 8333187 4570584 7111432 6673231 9281640 5101268 2685725 4593511 9063862 7170150 2851521 8282699 5189039 5705636 3068998 1079476 6138674 5989688 3670303 4172846 3057270 8748661 8139081 2538565 4373687 8770141 9874203 2774072 8189893 1512625 9684499 8437895 4734936 9493142 7708114 1474060 6941235 6524001 3097596 2091360 3154081 6319364 2110134 5443685 5055726 8863900 5707562 2140445 8280235 7760802 9439519 8508180 3186581 4412322 9511844 5756202 5921063 6271202 2434408 9706562 6221499 5333251 9196914 6969914 3551085 6891518 4147006 9707264 9513423 7319057 3445335 6966887 6281029 2305270 9476957 3745072 9582229 8408847 7490671 4786359
20
128427733 3959115 1709709 953537 866608 640690 761928 812161 379290 268682 243032 187391 94835 100323 64317 40690 33274 8993 18383 9549 7830
20
96773282 4185790 412276 180682 186715 210390 90119 65286 6907 6934 2333 1373 1526 647 97 99 17 23 9 3 5
20
58798040 714867 134304 89012 31343 3486 836 937 203 41 9 3 1 0 0 0 0 0 0 0 0
57
21799847 8656222 7598424 7523986 5551387 7599401 5063176 5129884 2691501 1053742 4657317 6418950 2181744 3671760 6785813 5183513 8724379 3363639 9767708 4215980 5308345 2538067 2232151 6828359 9895184 1573950 3896075 4603284 5717711 1635367 3322640 8758829 1652719 9541153 2869546 7294798 7986140 1674024 3371477 5943222 9087132 5371920 8871501 6309122 3482754 5308541 1899848 9473075 1875230 8605757 5071281 2714653 8776978 9989808 3700145 2809385 8030182 7106517
65
12410115 5289395 7796673 4454329 7536158 3885856 9467553 1977379 3641487 8117395 5960848 3479026 1313034 9256471 1693704 2351180 9968802 2021461 1385343 6589096 7956507 6023431 2200610 6652126 1939838 5357511 6387720 5508274 1887304 3711721 7535562 8530137 9710567 6822438 1990016 2042859 2387821 9997100 5521436 7390599 3220514 4085692 7911285 6828788 4211542 6038329 2790786 1408596 9493244 7699684 6897998 2009828 6351636 2019792 7319358 4906392 9125122 6014822 7352448 5947084 5803560 3132499 2103786 9705650 6244009 5053013
96
24362405 7997045 5940788 6660814 7182365 5740882 4419351 4137444 4476195 3543315 2173407 6688894 8284297 8879312 3768675 3403332 1331499 8626909 3590653 8480032 5613032 3282906 3782341 4486691 2675643 2320738 2376909 2867326 3424068 6338219 6293325 2855226 9441183 1767415 2163629 8849296 3115062 7667086 8321984 2291001 4331804 7849544 2551654 3203538 5545097 8505035 1782013 6706983 3540196 8888685 9795692 4214373 8419078 6114630 2909043 5512041 7490177 9198684 4630030 7774388 4756104 9880433 6551420 5274548 9911794 7906362 4262243 9336558 9362515 8923079 6996987 1675643 7743210 5663732 8183160 5448422 4302599 2015273 6346998 1943344 5413942 9227537 5301004 8667821 9626283 2888767 3057453 4751013 7772535 2218027 4433122 2541636 3265065 9343860 5895933 6712843 8689695
20
94950910 1897209 7794620 2216848 4886735 1184126 1586463 2450308 3477298 1694025 1051162 4874509 1704211 4927413 1751643 3202320 2151563 3063689 2182182 1538671 2021088
20
124164423 2393625 1448798 4444228 1385624 3271303 2906560 1162624 1804307 425375 1111193 831499 267467 601047 634837 221556 302538 231804 147812 207164 174218
20
98202026 2015938 7259227 2685379 4176071 2189529 4597326 4288655 3915610 1019360 830308 3887810 1173787 982912 1493700 1733312 2064627 438391 1254302 518721 632967
20
110290062 6137422 3233450 5459847 5000407 3159968 5734492 973869 4252165 1766173 2325042 1401860 1681031 1903958 2240041 1969828 1273950 893905 920737 749000 240834
20
60931836 1275646 128884 54765 19949 3523 5033 636 366 40 33 8 1 0 0 0 0 0 0 0 0
20
94597427 3669013 1203552 180590 121889 58152 39701 26478 6370 2853 488 784 160 173 22 26 2 1 3 1 0
20
108345606 1482287 1569431 1307930 725478 117179 215655 114241 72898 27299 4209 11470 1949 930 534 1235 121 61 196 100 16
68
8506838 3398066 6512309 6552793 5275935 1426881 6095668 4415427 7002515 9229045 8574056 2972051 3719747 5727347 9276892 3488739 5732872 8518046 1511789 7659727 2531743 6280272 1867641 4756115 6264688 8177753 6388608 4787218 7781323 8456087 2904858 9376602 7607017 9148409 2539069 3792704 1727325 8991524 4799489 5902756 2112406 1851828 2440779 2965286 6792633 3329721 5793793 6949287 3456348 9685888 9587440 7780301 1607573 5739301 8253960 9759518 6092530 6725026 8710469 2049036 8647609 6085926 9718578 3957171 3589864 5634592 5135608 6125331 5343815
20
103758110 7133348 766770 1997600 617758 755861 905638 131066 148056 261423 214719 176673 152212 18379 93825 27618 11626 40880 24286 16765 11135
20
110638262 6463904 2653176 8505242 6904294 8210142 4459248 7791108 3044722 2682898 9175003 7669425 1688445 4505250 5030378 4247452 3730434 5669330 2401156 965824 8660890
66
19107019 3449054 1298155 7667833 7490937 6884744 9832508 2041332 7981475 5346930 1792289 1964162 8025575 8503384 2096066 1267132 3351444 7111398 5460991 4492191 7981927 1229128 9906309 8980979 9602959 5130735 4890987 2506800 9895911 6993962 6403848 5680007 2802656 7040425 5999202 8091824 5317362 3263638 2690163 1798357 6718397 1880120 2126288 2908218 9103749 9562692 8681341 6863370 1065447 9660934 7003180 3847090 9119989 1577944 2235485 7400807 7858303 7137881 7565615 9971711 6232654 9722985 2839756 1856414 6031314 8578675 9675384
20
110853080 4604808 4243176 2012939 870802 735645 1256028 334785 256608 408240 35504 142900 151422 28172 23900 28764 11605 21920 15792 4611 6427
20
114813475 6222230 2180644 1582771 628998 967989 1287990 972250 929029 373063 360439 253761 241980 162192 25206 118182 45886 10165 14794 22075 23725
20
120301090 4360548 5323269 1981509 9533738 7642936 5425654 1836977 8543250 2256869 7688844 8636605 3439241 5332596 4388999 8552217 1108329 8272428 6301303 5316070 9085800
20
42307524 970431 53467 71022 16792 1456 255 89 23 1 1 0 0 0 0 0 0 0 0 0 0
20
105594416 3212009 2583954 3008822 2917151 343337 1438518 905483 184616 92785 400680 156813 159737 91278 135465 109839 19351 6279 8732 17352 16283
97
101970526 2501633 4986211 7656767 7060396 9969187 6756613 2788134 2986188 8694243 1463515 2678881 4111752 6698658 7271991 4307893 2519373 8521569 8437295 2767934 6689385 7233675 8757257 1721215 7261821 6732487 7076483 6078800 1361746 4607777 9458304 4317045 5256429 2236849 9897119 9400235 3572621 3457617 5167434 6002419 7511025 4225152 9224721 8123307 4749312 3437287 5102003 2699908 2693916 5174252 2933647 5945676 3811506 5251665 1921523 6494486 8180015 2077863 9783105 6306184 5105933 6974818 3673926 1635870 9895022 3662849 2482485 5528543 6584511 3438288 8797657 9020076 5087342 7713900 5979090 1142157 1296813 6125001 8147480 1692556 4890068 4942499 4129670 1253888 9938209 3333618 5326660 2620419 9085040 6551476 3333977 4942797 4736440 5774636 2737120 1599133 3533571 3093916
60
5314779 2962307 6676966 3025494 1370369 1093304 5628607 3504543 9546056 7133105 5596218 2407310 9769618 3671726 7597548 5125252 2338592 6711625 3317135 6413088 4422455 5062258 2276844 3848880 1938868 9425406 8589145 6669098 3858404 6588239 4820685 7713275 2407957 5319550 5770028 4201564 7532094 8946156 6928815 9440742 3131560 5983168 5955233 2451055 4745023 4594803 4596733 1455152 2229447 1995579 9990599 1696993 2847533 4832762 9097415 8206500 3663428 6169545 8582712 3748181 4346953
81
40212777 4100110 7622830 2834852 7760389 2683354 2635029 6171523 2015564 5950043 9189008 1818195 2351924 7382900 9244978 4709539 3684929 1509137 5801260 7871299 3913257 5843771 7685621 1812892 3671324 6748368 4007022 8733002 9720628 8410776 1270862 8680724 9578267 3872289 9663083 5852798 3297374 7648158 4722121 2767130 5078679 9587840 4520948 3434000 5177584 9914289 2392198 5003011 9235226 8294466 7759145 8966638 5766008 7549401 8852495 8099778 5898511 1183309 2051056 1275657 7657714 7028598 4582815 9380996 6565941 1272054 2657323 4240623 3491446 1042479 9342579 4819311 5841462 1522690 8607350 3182942 3114853 2666704 4514086 2873323 8471749 7027969
20
90576253 2373014 1237744 542961 169575 33527 7907 5731 1128 701 515 211 68 22 3 3 0 0 0 0 0
20
69593991 739660 685770 143422 15885 32140 11208 3174 903 153 184 25 12 6 0 0 0 0 0 0 0
65
12650581 5183541 4799502 7875732 8001183 5484033 3200969 9949035 3518995 2037248 4249381 6704519 5235999 1801096 5331191 7299539 9886740 1439959 6637310 3055044 6670523 4533418 9849671 2949783 3037824 2524582 1217972 7025097 9547815 3625900 7795262 4841199 6355851 6555159 7658593 6972248 6444055 3311438 9593632 8135471 8334503 1737664 8761842 2363027 8435643 7862080 1798963 1591346 3495480 9205411 2783881 6362563 9870493 1466135 3879520 1688778 4987527 5740932 7571913 9286161 5630172 9862564 1569277 1119873 1876351 8034470
20
104606662 6263632 8065968 5253627 8450289 2990584 6036435 2384783 4595713 2754716 1743896 2031418 1254500 6002137 3934724 1528021 829913 3967427 3188104 1792193 3843280
20
73025699 657594 889801 280894 90903 4708 5608 2817 632 488 147 6 4 2 2 0 0 0 0 0 0
77
12196285 8239493 2762312 6972118 2538777 1178363 6214545 4760676 5507509 7269978 4049738 6822795 8471797 7107856 9218506 6783315 8126854 1759742 6470962 4845085 7066866 3638103 9950451 6105791 9548648 1143401 4160583 7173178 8778366 8942665 5029312 7851386 3099059 9706644 4752367 5254232 5992226 9713833 9560085 5825693 5595036 9781605 3200207 5481354 5281722 2873681 1270041 7831976 3136120 2122038 2243441 2499611 2837558 2841672 2447340 2219216 1360430 5223284 1254465 7256328 7783469 8249461 2697481 6269135 2141112 8906320 7136259 3625508 7571755 5403671 7902459 6460843 1972219 4641416 6889900 2316445 6067485 3286670
20
101139220 8437280 9038459 2152361 9025020 2724930 3729670 2391868 1681353 2232146 7528598 2291797 3428765 1938939 3972001 2810277 4554374 1724318 6563443 4594447 857281
51
20263560 6251026 6894583 2628704 1136908 9419745 3579693 9584899 6015790 7478604 3780856 2746028 2323112 1534708 4405477 1716737 7118703 2728863 9682668 1239577 9887322 9637039 7342574 9460837 8791778 4398149 7185028 1755725 3481235 3288022 3508983 6027963 2248613 5059251 2598695 3440060 9879906 6060825 7650997 6801953 3050169 7626079 7228477 9248594 5622353 8329688 7144131 7072511 4888444 4811501 7080689 7728123
86
27053634 2528244 2753718 8405217 2606476 8343150 2553340 6923909 9321209 9189162 9232525 1652782 5439915 8759851 8605517 8384977 1067775 2676187 7136471 6048879 7963817 9396966 4961538 2625805 7755003 7056653 1078968 9803056 1173823 3158735 6480203 2950807 6016127 1217068 3667736 2355797 2697086 8219652 1782917 5568831 6108534 3103597 5744014 4682144 6879823 3139995 4833569 1243617 5304863 4409459 7955381 3223281 7315226 8749195 6966014 5528389 6747515 1991076 9761904 1338979 3770115 4476046 4322510 7600099 5153590 4523788 6443635 5780977 6388480 1424609 2211878 9450102 8919849 1093365 8242184 2421409 5423044 2297378 7433741 9751573 1899833 4743523 4510883 3552793 6471541 5513760 4532563
20
89199090 3509064 5059557 841175 1148551 1231652 4270727 993278 2714186 1210352 1358560 2870276 487687 527640 991280 1240053 1144944 1892745 828340 830851 832136
20
96657184 6552523 998735 4511578 4753069 6803031 5860156 1973754 978528 1003632 957104 1190775 1095382 794791 2727636 421530 2592943 2615900 521627 615213 1618474
20
91485771 1490983 800822 1366833 691062 179045 178786 145399 24408 24838 20096 2140 1216 1020 762 224 74 163 177 17 45
20
118310068 5598013 7119012 4128497 2097543 2491459 1502388 2982905 2031223 993786 944185 425783 1432366 655039 134432 891608 531994 623930 177276 164090 224620
20
109313484 7330953 7351118 7592530 4202200 6403768 3187084 4886596 3557623 1674651 466048 1484027 3114987 1648237 2103220 1004407 357280 255624 977080 902822 238875
78
26574540 3895619 9409574 5763943 4939051 4331376 1852898 3502500 3978108 2938888 4084677 9141716 6099301 8362783 6300916 7318756 6333892 2162511 8738285 8028375 7676296 7249554 5779895 6715392 3908473 9052775 3479207 7642258 4283643 3369501 3561205 2772961 5870114 3121420 7737315 5554777 3599758 8843491 2702327 8729887 8042128 1410401 2785480 9381821 5467326 7467056 7058865 8380566 6086812 6800781 3600485 5459520 7272807 5977850 8128434 9233934 6467262 7450987 1935854 1541817 1179564 2274498 5258029 2420680 4998937 3904453 1947744 1063850 4598054 4374952 4412558 1917191 8805252 5251976 6423160 8299130 7421564 8225803 7840088
59
35833230 5403937 7260560 7683062 3541426 9812231 2419685 9203963 4920213 9922595 6027525 8283771 4717064 4904021 8387225 5520403 1465794 8580548 1603558 5690250 6507679 8312894 9418981 7938665 2040020 8041617 7620788 7119633 8130769 2645312 6769414 5814434 2617988 6650288 4092110 3647502 7415046 9749165 1121365 9362930 7710567 7076022 7605056 7938658 7826110 7206220 2341451 6515752 1631514 2969894 1342362 3724027 7052790 3439331 9236398 6001125 5358579 8949094 2221511 3792602
20
92727465 2243866 424294 456299 137403 64790 13459 4845 3669 1259 380 95 35 9 8 4 0 0 0 0 0
20
100083204 3864286 3695401 760263 3904753 4526680 1299676 2205857 2552719 4147598 2303550 2265265 730302 1953369 708042 1129699 1420857 1483710 1570373 311368 593779
59
35850143 1296278 1143290 3597567 2940441 7010910 3151910 1559702 6101296 7886198 8335133 7762695 6731540 6692935 9144233 6056410 1949502 2093371 1965363 3535789 3866450 2469275 3137605 3718163 9389178 1029608 9075135 4970959 7339337 2876149 1837207 5120021 9110373 5506043 9209395 4815412 6705326 5199302 6908611 6926181 1043159 7729939 3030103 8753616 2527547 2642543 1883723 7732794 1358361 7091549 1016962 3822025 2022888 9318072 2030697 6211072 7363729 9029610 6415095 8780897
20
118354534 3347353 4163969 7762697 5243977 7431103 2703780 1478569 6753907 6222372 2841718 5199520 2574591 4526257 4765848 1316540 971953 1997420 3944703 1075202 3116751
20
97944672 2856905 2792040 2509487 797963 2036861 470595 968385 469709 313979 233964 176284 550264 72946 126090 231697 205852 151785 79123 12967 56240
60
24771083 6537046 6432012 5156107 6407143 5252006 6886340 2845673 8499449 8704171 3406181 4923656 6031562 2029518 3218686 2765764 7064755 6343238 1027764 1864150 2355514 2954273 2749247 7011510 1775989 8681620 6912997 2539237 6118108 5333622 4465243 3890136 8623365 1510098 1616102 7473905 1753988 8102367 8346943 8237048 7769262 2541055 9745681 8416169 4185117 7074167 4785900 9422343 3069105 8986439 8214044 2019750 1409509 9180245 7488084 3227668 2580352 6231706 2656441 3472558 2506092
77
62372413 4767718 9685138 7192585 2298919 2033310 6770239 2942809 8333621 8720860 2908322 4881274 4734687 7579896 4371924 5806275 5429925 5423950 5861466 4615285 6836651 7924948 4545510 8616698 5851376 5590069 9394545 5636558 9452008 2175912 5173874 1168802 3906203 7555745 7402758 9769408 4553955 1248783 6181382 7187081 7959269 6866292 8556184 3142902 5285117 6720362 2475127 3563994 3033961 4459234 2682246 9603438 5849828 2689103 2486642 6754830 1456716 9617245 7761820 7365368 6227981 2253408 8619541 4360323 1998790 9393285 7292333 8640495 8281115 2250048 7822819 1787269 6673115 7918978 5680059 6641752 9399964 9294345
20
101025919 6838471 2802196 1497134 5071121 4013222 1432017 1402001 1137913 2316236 1907222 297230 229794 625811 256124 715828 201751 152559 598495 206315 155533
86
10661971 4337592 7105948 6707600 2759662 1746985 1298884 6171860 7901082 3615528 3966496 9884920 5667730 8320379 4310975 8718162 8899747 2707174 9226784 2920710 1404346 5649235 2222378 9431433 3134648 7166313 6785103 4537477 4024676 3172726 4709410 2001487 9285766 5025483 7755973 4379010 1565617 6581305 3572567 7128138 2180503 5114072 7436662 7060584 6044111 1859449 2082764 8828980 4991712 8974716 5202299 8486909 4527052 2979642 7420508 9263179 8381998 9925466 6682125 5333941 6525982 6703457 6174385 5501636 4223701 1264991 3665403 7628490 6590706 7959306 5655562 6595677 4740861 3743525 9031577 8827457 2713444 7748260 2977725 7167794 1919323 6274649 4245134 9281470 2886415 2810159 4346714
20
71554983 2188000 149300 50801 16607 6810 1391 263 38 20 1 1 0 0 0 0 0 0 0 0 0
78
4668124 1034042 3503801 3333374 6243862 4967067 9444302 2106892 5931251 1468298 8596976 9437453 3728759 6938719 9586013 4698423 7084582 4269688 8138303 6534878 1208760 4526797 6902998 9572649 1650788 7613733 5320882 5532623 1533020 4440932 9590722 9196952 8357275 4331174 9710350 2708464 6929358 4754370 6067184 9267663 1421367 8905440 4300635 6838355 4190464 8932413 5721529 1699594 4738019 2780788 4754644 7986758 7280628 7400660 3766820 1831081 8746112 1617209 4906674 8169939 3927326 8761693 1732533 8664571 5338952 8894202 9164410 4340565 1895184 8567070 2796378 1447359 2274835 7689488 2482802 6568846 1741929 3559279 3100337
96
10034617 3216189 5542612 9009198 2371360 9171234 3752885 7099795 2059223 4450925 1483750 4046992 9576811 3546954 4519628 5884559 9045584 1456902 9403614 8978505 7508696 4913821 4490401 1787435 9801392 7722404 3956204 1354948 4405574 9041459 6626100 4620082 4538008 6126418 5418447 7725398 8073901 8950799 8783681 9925829 5984163 2690729 9344016 8233339 2410052 3994113 1291618 8514656 1148725 5088638 6182125 6031848 9678224 5798628 8615408 1652638 7462814 2007854 6769991 3421277 7572049 4273976 1567998 7088482 9202312 3494230 7866060 1058165 2392865 5455253 5279374 4281742 1154942 8680753 9497171 3594797 9808118 9624634 9876489 5923391 3180418 7246582 3267146 6325402 9610734 6355135 3862479 5896972 2456239 8219355 5353770 7345979 9977138 9225675 7990404 4957549 4973260
20
102748444 3391595 315413 581948 84803 66214 41338 9423 3542 2262 970 308 161 14 3 14 5 0 1 0 0
83
4300999 1019533 4606702 5939885 1914347 5931514 2971689 5944920 2161194 6248046 2402342 6513106 7605540 5180610 9715885 8173211 9830083 7860047 3901700 2726924 8587458 8503600 3096197 6379953 9067326 4281692 7110563 3178193 3346815 3439233 9125195 2613032 9508811 1021905 1783815 2755596 6674837 5674998 7902841 3505096 8763160 5219594 1268179 4838624 5969767 9625216 1546041 7937112 2194129 9077040 8330536 3588629 7934584 8871414 7049137 9342334 1974464 2419047 3156778 6728556 6083100 3609863 6821449 7849245 4043402 7621389 7861667 7165775 6520309 3321088 5094231 4437045 8408795 6334852 6069507 2466701 3172043 2497579 2264521 5051129 5341445 4271144 4227647 9098978
20
109073075 1974146 1083373 139747 315840 92667 29429 20850 1144 4589 715 299 295 124 21 24 11 4 2 0 0
20
104282044 2080946 1523467 2206282 1902410 824527 380269 531178 383124 296031 263502 119181 32180 75351 11812 26470 12047 4774 10654 8653 2104
