100
2
200 100 100
2
1000000000 1000000000 1000000000
2
1000000000 100 1
2
250000001 0 1000000000
2
15333162 9152157 9541965
1
7705679 7523316
1
657746 1098818
1
7126433 7979385
2
17664281 3976262 2537621
1
6440221 6208853
1
5115684 3590759
1
1625869 2831376
2
7577352 2666768 6487068
1
5174286 6664193
1
9460419 4970815
1
7160411 4119843
1
5367027 2946675
2
12041472 7508378 5504964
2
7531273 3956534 2884436
2
5895744 7988248 2424030
2
9678916 7028679 3815519
1
3084204 5121167
2
11993316 5998937 8147783
2
12050048 2291077 111705
1
5306384 8457058
2
8626243 3602279 274501
2
9813218 7744008 5070249
1
1527610 1425322
2
12261789 968370 677425
2
13131425 2991977 1540678
2
5048237 2311971 8504358
2
9428768 2785297 1648441
2
6631290 5391029 9741040
1
6571288 8722674
2
5312273 3940644 3912373
1
3322056 5768002
1
2836503 2098498
2
11815335 8847170 7870564
1
3996822 5477844
2
6525889 1218658 222432
1
2673638 566806
2
3745447 3345629 2211853
1
9168482 4927506
2
8357017 7091257 1126102
1
3187101 825030
2
10680289 3353094 7476805
2
8257069 8772185 8877563
1
2533368 4528793
2
4334882 1818711 5544716
1
5807843 3968865
2
11766954 9652495 8663264
2
2490276 2981181 1765550
1
5406300 7731629
2
3773418 1422833 8467086
2
4717064 1722651 5067597
1
1880201 2097648
1
5565107 3049036
2
15799998 1971225 259300
2
9909214 2748936 5226132
2
7263177 953869 357517
1
6142530 9725591
2
5824358 1530059 5301442
1
5870717 9267793
1
8192410 6794442
2
17158449 7295490 6270886
1
6477520 1588584
1
2394201 3884478
2
8350049 9167043 8933524
1
6000549 6801252
2
9401378 2228282 620126
2
15470229 3924565 878338
2
5895411 8501890 1838306
1
6188628 4451525
2
12224081 1652231 660185
2
4432291 1588025 992410
1
5872086 5934172
2
3686454 1535420 4667191
2
5759193 9041340 2010596
2
14940166 2965198 3426401
1
3359800 1144100
2
6486227 7556204 1087170
1
3414599 3025538
2
6109741 5099663 2827175
1
8271021 8522321
2
6908051 3191076 6233012
2
9612662 1939869 749507
1
7284433 7380500
2
5642238 4670668 3028429
2
3786883 1678180 8867008
2
6515164 372039 193767
1
1756322 2595080
1
9272960 8712175
1
8840620 3490740
2
8440635 7228963 3778272
1
2661256 773657
2
15719833 6562838 5040129
1
8001855 4044899
2
15606522 4250814 3702453
2
8162771 4813953 4392157
2
4414937 3591393 7748661
