100
5 5
762 506 656 666 569
172 478 631 302 543
592 306 682 498 75
115 498 119 122 926
111 484 357 283 922
3 3
193 997 581
314 505 683
959 852 839
10 10
865 652 801 269 592 671 544 919 589 973
426 776 199 983 603 792 780 531 289 818
502 89 3 730 62 187 584 689 187 674
568 555 554 156 741 510 116 865 765 281
914 530 658 752 227 793 176 158 310 36
221 2 738 355 167 47 368 518 516 904
889 810 172 687 853 945 330 435 213 107
442 327 895 418 159 965 726 669 810 443
443 497 623 779 980 342 57 874 761 42
167 527 242 981 683 956 409 142 121 403
5 5
140 156 508 977 95
710 391 432 294 876
925 676 165 725 301
830 869 427 233 391
371 227 28 414 57
3 3
753 98 162
566 991 975
836 635 56
10 10
314 393 731 643 706 667 654 610 200 457
106 267 62 706 512 865 823 158 750 121
288 859 681 188 704 104 210 806 130 630
466 727 175 505 513 591 250 11 859 424
870 379 357 27 792 417 389 782 6 596
969 808 243 191 995 370 496 693 941 915
955 233 635 297 180 778 541 30 914 969
773 543 100 658 261 726 213 877 207 335
11 336 18 232 982 376 657 24 845 808
136 14 60 88 55 338 853 75 361 134
5 5
188 305 15 72 520
505 852 839 520 637
470 591 996 533 581
803 168 71 219 81
799 158 716 200 805
3 3
346 285 51
232 336 374
746 227 354
10 10
510 668 92 866 96 744 282 129 123 552
93 909 586 926 812 986 948 862 1 906
803 492 540 180 266 770 798 859 850 771
571 679 391 832 828 161 962 640 35 471
966 814 902 304 619 823 690 357 476 876
770 832 940 195 791 203 209 15 71 539
825 281 754 68 49 99 423 667 597 164
526 128 96 70 768 265 593 541 349 466
845 47 462 757 634 245 558 335 57 397
983 744 736 222 496 711 858 600 849 287
5 5
317 985 92 260 549
3 542 530 742 357
363 518 668 533 330
935 657 254 228 429
64 733 804 978 570
3 3
549 777 895
461 105 455
395 893 523
10 10
859 56 146 788 560 500 950 75 338 727
290 888 846 450 468 473 612 240 640 160
988 483 218 519 278 605 878 739 862 218
290 744 861 625 922 253 978 221 655 738
355 401 830 589 629 905 556 776 37 719
563 269 759 780 196 716 358 505 832 877
217 836 776 770 669 109 245 514 364 59
937 957 263 121 242 978 55 888 569 433
544 587 185 496 70 114 766 33 270 705
351 72 596 2 537 528 529 564 197 652
5 5
841 330 175 827 488
72 81 433 614 570
32 441 647 33 266
662 989 420 569 786
193 343 469 451 42
3 3
988 872 526
808 583 669
676 98 152
10 10
767 842 417 993 674 430 238 602 217 5
401 747 608 426 685 212 305 286 647 912
28 611 72 133 300 361 745 100 762 942
82 273 653 492 434 185 656 800 390 612
234 705 15 943 555 625 152 533 363 273
501 570 625 51 417 360 471 854 91 225
312 612 24 604 723 519 518 903 662 937
286 72 636 766 40 793 878 847 870 723
975 363 260 124 619 42 564 165 926 649
545 17 1 947 925 413 153 283 934 667
5 5
50 862 374 783 116
610 672 298 837 985
155 444 81 844 327
632 789 385 187 327
374 975 342 715 613
3 3
511 395 798
224 486 456
545 419 406
10 10
402 255 494 957 762 20 746 726 704 887
418 689 26 108 502 573 245 518 102 200
624 215 788 480 706 951 19 657 276 59
424 479 130 417 551 992 590 456 32 114
12 856 901 140 546 294 523 726 20 501
380 977 119 38 437 914 11 875 676 105
37 931 634 693 135 697 172 54 665 731
149 700 83 804 364 945 671 567 281 806
863 282 905 971 507 584 698 257 684 16
285 952 514 918 852 882 514 882 638 535
5 5
567 160 466 224 831
185 44 896 560 660
337 769 51 834 892
122 523 346 593 251
562 607 928 426 664
3 3
452 727 981
142 752 911
232 811 549
10 10
604 332 264 901 935 889 412 342 838 961
719 827 54 174 213 345 264 624 404 39
744 921 525 294 211 893 783 435 843 754
788 726 872 734 546 186 198 903 832 197
292 97 427 846 894 847 323 890 339 816
403 124 585 731 392 995 437 734 3 284
892 195 526 752 785 269 944 283 14 65
176 563 329 462 400 277 764 46 343 806
59 714 781 857 530 216 474 820 480 503
978 503 391 114 79 226 653 612 630 562
5 5
817 420 141 673 887
744 169 197 764 738
744 101 779 145 62
987 894 815 97 792
1000 822 332 597 583
3 3
226 316 536
657 574 283
400 207 373
10 10
666 90 751 691 216 135 822 94 505 802
606 251 472 216 663 664 626 400 823 647
774 612 610 613 909 815 317 382 634 210
589 463 850 974 509 282 348 959 827 859
452 334 850 32 752 570 407 956 330 812
777 899 876 182 256 259 286 929 626 665
378 496 289 114 50 25 64 505 626 763
413 354 451 473 885 589 99 384 655 974
855 477 199 650 965 639 396 818 400 297
367 148 429 238 237 968 103 677 827 247
5 5
966 981 268 972 947
762 116 971 396 572
2 909 940 646 461
940 402 514 874 796
274 94 309 679 437
3 3
116 789 383
977 921 385
1 664 353
10 10
539 644 104 867 887 397 273 545 693 824
560 140 791 718 598 715 131 645 436 95
505 146 224 698 624 353 726 392 105 740
852 641 506 413 513 17 806 516 335 77
108 418 747 506 450 755 282 483 8 17
74 964 39 27 142 985 348 246 116 159
227 699 160 517 350 328 817 903 575 702
908 219 668 348 427 979 910 673 415 919
628 495 39 114 28 673 283 819 831 281
792 615 414 816 445 995 303 714 189 408
5 5
150 964 313 291 227
212 950 479 242 726
111 86 815 102 818
925 282 620 695 17
271 676 257 961 188
3 3
412 884 146
182 323 344
622 188 560
10 10
940 658 309 55 6 4 563 577 393 820
545 89 700 407 643 814 958 47 671 769
770 399 949 592 288 293 701 62 926 432
217 65 438 795 612 840 565 41 442 571
196 726 659 510 501 973 964 890 886 913
899 248 912 838 616 649 87 709 432 893
664 759 310 91 109 820 767 473 44 539
10 551 877 853 63 671 197 974 948 560
67 550 409 745 365 398 690 898 212 713
75 669 833 752 183 740 62 51 273 950
5 5
850 166 576 973 305
828 980 526 170 333
557 68 12 995 386
84 729 39 873 327
625 134 780 20 345
3 3
66 940 659
43 782 470
469 430 700
10 10
414 16 835 978 519 792 97 102 629 713
616 795 334 445 674 781 36 552 809 339
23 97 31 346 697 194 900 31 588 644
398 160 57 775 395 719 122 38 14 27
326 888 345 125 311 312 884 898 416 738
704 6 111 923 817 517 542 204 722 939
45 899 290 685 323 220 807 359 96 592
317 435 61 365 970 955 852 284 173 122
609 52 877 728 320 711 871 560 289 408
149 402 681 769 282 465 674 45 531 40
5 5
675 79 405 405 854
825 761 434 544 208
960 402 782 545 780
651 960 375 744 341
331 73 352 408 257
3 3
80 49 263
949 531 244
898 985 361
10 10
127 875 253 958 284 945 313 868 511 983
456 218 327 889 867 115 297 330 970 780
484 168 409 587 559 824 124 302 671 334
854 910 518 663 834 527 85 620 841 360
369 690 518 806 138 216 746 277 847 469
417 131 958 532 587 12 394 148 697 278
779 968 134 111 844 136 569 703 619 335
833 232 711 856 576 628 808 322 201 858
734 454 888 754 597 249 724 574 192 707
655 964 820 153 956 491 728 292 68 789
5 5
47 831 359 964 159
96 55 595 430 907
437 398 212 831 18
982 595 119 225 818
340 286 740 326 602
3 3
118 596 897
107 508 48
920 34 472
10 10
346 643 384 155 346 351 762 213 374 600
327 291 458 741 983 94 539 136 77 704
364 38 388 357 807 591 639 850 510 711
448 966 690 12 438 383 59 733 920 676
333 117 20 146 505 503 194 668 960 809
482 762 284 571 220 522 925 860 854 71
984 936 701 339 183 538 580 229 341 86
664 134 757 261 102 825 722 481 422 428
408 526 845 985 794 317 223 497 917 364
50 238 238 883 669 170 82 767 929 937
5 5
2 400 67 296 390
951 823 502 990 89
988 505 921 705 455
196 770 349 758 320
173 835 117 558 712
3 3
434 359 458
157 206 545
886 348 682
10 10
181 850 537 139 171 263 520 406 319 811
979 217 818 73 854 1 447 69 248 876
302 447 87 177 151 88 892 254 297 640
137 922 610 61 50 400 483 599 592 207
207 513 481 344 985 707 568 53 298 694
875 564 74 605 46 486 980 875 620 614
848 185 203 945 418 511 429 499 91 986
850 756 100 524 881 861 403 226 855 436
38 818 581 880 947 833 416 852 298 675
54 731 361 789 366 758 585 608 455 534
5 5
786 396 554 90 503
925 923 900 263 107
706 786 751 509 53
768 138 979 714 215
532 732 646 517 508
3 3
852 541 961
295 610 451
173 841 87
10 10
505 344 490 455 66 980 21 877 409 629
912 844 796 455 358 381 380 632 202 606
801 224 532 405 647 637 769 256 696 100
299 465 35 389 251 741 527 676 903 89
744 802 157 588 70 61 238 557 286 911
612 20 206 651 720 960 334 105 49 657
642 52 994 992 165 741 146 502 551 968
384 802 68 41 406 425 691 252 380 332
341 460 336 799 690 102 852 545 526 661
165 529 187 810 395 3 814 570 213 156
5 5
352 924 833 576 264
186 488 628 691 265
312 81 786 722 316
402 345 903 88 322
274 784 611 668 441
3 3
536 352 528
214 91 34
659 946 412
10 10
984 565 866 497 686 760 977 293 702 389
13 709 683 659 619 325 816 602 629 126
505 459 544 654 378 892 854 898 746 598
991 977 339 778 370 207 277 671 117 942
258 1 227 227 544 234 261 8 821 284
18 763 580 483 138 30 162 818 640 780
229 948 945 528 669 137 608 773 679 138
770 907 598 197 138 717 976 420 737 472
386 522 895 239 827 217 381 569 272 733
799 164 806 747 280 879 525 746 467 636
5 5
214 460 64 447 532
827 151 945 46 717
857 238 717 687 657
769 976 404 821 506
959 323 26 943 812
3 3
45 864 121
64 838 211
323 642 251
10 10
816 16 840 672 750 952 263 178 604 573
537 386 145 110 17 996 717 677 411 500
998 963 638 939 741 638 843 179 759 844
775 451 12 740 321 210 612 491 191 806
672 990 786 98 19 657 689 262 885 487
803 793 283 724 313 359 164 669 892 759
185 148 492 517 438 325 582 41 638 876
168 120 223 830 524 89 702 81 907 200
525 550 114 526 621 843 979 925 200 3
478 409 188 652 526 774 666 980 848 875
5 5
612 844 931 839 346
593 733 511 842 816
712 453 332 441 401
175 905 900 706 328
684 841 161 413 646
3 3
988 822 602
712 904 207
113 127 263
10 10
501 855 995 941 580 889 242 77 813 304
632 53 751 906 647 260 744 168 848 304
335 277 180 316 718 616 236 132 131 550
129 90 653 767 508 733 110 845 921 393
585 707 538 144 731 758 240 812 865 102
185 391 85 589 278 820 529 373 942 862
909 124 127 818 625 982 636 201 730 727
250 325 704 142 434 116 226 967 624 743
300 560 266 543 67 897 659 903 277 426
96 130 905 943 271 184 785 604 544 664
5 5
478 204 232 263 327
528 427 260 198 481
557 760 499 264 462
667 151 70 593 299
627 606 578 814 239
3 3
855 297 210
931 828 361
578 543 293
10 10
161 582 635 153 866 639 564 645 659 678
554 803 27 772 932 135 294 280 737 527
92 942 719 564 493 288 43 224 995 989
669 586 565 715 808 798 902 114 550 44
777 950 89 452 262 728 426 856 488 905
405 727 620 27 981 895 607 258 637 921
814 267 276 244 162 766 99 920 320 652
127 208 613 120 663 640 167 292 20 37
548 510 372 782 362 909 569 201 306 551
17 679 333 910 609 352 394 134 471 505
5 5
894 982 34 23 133
156 747 510 579 379
986 188 194 357 659
967 168 461 59 896
593 621 759 163 149
3 3
303 383 375
130 391 283
113 374 977
10 10
818 767 761 551 797 531 363 439 925 666
760 361 148 336 693 928 239 271 42 574
379 299 120 373 63 303 125 630 293 431
478 66 436 926 744 654 30 100 558 278
816 801 991 167 530 73 678 216 441 709
467 147 369 388 935 629 641 433 720 991
190 529 922 334 711 304 989 574 959 498
832 630 400 354 662 64 627 935 224 620
861 286 296 901 295 458 705 170 967 708
555 774 265 615 569 431 396 764 968 368
5 5
925 913 163 947 903
83 334 332 282 304
662 328 49 400 774
90 763 860 963 667
625 158 431 468 602
3 3
850 414 244
999 940 491
895 123 50
10 10
2 403 682 734 26 691 239 10 574 896
981 994 456 615 633 877 396 844 14 492
815 147 394 405 658 705 562 928 560 260
409 283 573 517 777 118 706 158 657 149
110 47 926 287 931 434 227 926 740 533
473 313 422 727 266 608 709 544 66 70
71 182 289 322 532 211 204 987 496 219
467 38 650 200 80 227 302 991 758 133
613 979 427 985 641 949 283 164 294 118
540 454 96 117 702 333 186 629 92 763
5 5
794 838 371 659 858
137 175 745 334 183
655 657 556 986 108
886 831 798 387 528
488 127 363 295 126
3 3
171 189 360
699 432 73
546 649 927
10 10
829 280 985 412 723 818 410 135 554 818
646 189 675 889 215 289 101 896 9 424
853 293 963 491 717 616 742 875 772 962
51 343 978 114 907 89 887 96 108 153
584 194 677 700 479 58 501 858 150 756
841 567 580 193 992 345 486 779 194 587
684 881 661 503 531 152 71 752 131 536
614 314 720 134 500 243 502 416 530 403
366 708 124 297 292 927 170 982 145 635
159 436 608 866 820 773 218 119 970 26
5 5
716 553 772 775 161
726 650 437 341 574
201 638 288 237 199
478 815 61 529 406
628 530 746 665 431
3 3
176 200 765
434 41 974
115 954 710
10 10
729 918 613 964 948 220 445 134 905 429
110 622 152 591 818 67 472 749 153 134
27 743 113 15 925 249 590 685 588 601
14 745 750 161 120 797 432 879 867 526
904 988 127 412 218 537 802 419 48 805
959 936 981 352 227 497 667 488 565 535
265 6 169 179 375 998 536 984 404 451
406 352 879 784 290 811 856 725 186 63
785 631 713 258 664 963 753 742 620 33
60 863 809 814 356 886 194 427 583 938
5 5
83 311 322 675 189
379 122 226 283 615
989 626 423 430 4
555 788 487 354 443
282 503 621 285 894
3 3
406 318 623
215 952 205
411 467 461
10 10
142 838 794 203 96 709 770 860 338 224
219 591 175 544 499 543 382 473 627 892
40 685 62 729 348 13 497 835 971 621
993 343 31 318 165 916 468 777 945 197
263 614 789 296 376 492 179 733 964 820
120 572 546 667 197 900 121 180 694 968
947 9 393 584 535 17 950 839 104 296
871 765 182 347 91 462 526 491 257 692
981 31 294 798 916 205 574 460 893 294
478 620 516 111 376 989 735 576 525 207
5 5
315 402 173 874 59
477 288 548 242 288
633 170 839 943 531
779 120 86 311 682
786 515 958 908 643
3 3
470 771 337
953 624 468
116 788 463
10 10
596 322 378 244 349 811 192 715 973 565
518 950 14 857 800 328 129 523 422 810
830 620 589 418 633 986 69 93 101 999
108 156 339 108 200 64 265 525 326 398
948 350 231 956 729 737 469 803 220 815
573 841 749 730 246 826 871 231 525 956
276 362 925 864 17 61 199 602 826 245
898 876 755 986 804 757 782 933 571 248
180 155 200 570 451 520 386 888 480 822
751 972 228 908 891 304 245 949 101 687
5 5
613 985 508 683 225
241 366 149 315 118
286 520 559 559 757
57 123 173 486 12
347 940 772 669 539
3 3
466 643 370
293 461 703
706 132 774
10 10
233 989 721 929 457 490 890 641 888 722
152 962 514 379 649 529 372 425 83 185
156 734 902 281 375 758 481 652 993 810
367 69 611 902 630 992 909 608 120 650
904 250 220 370 996 136 868 481 595 709
551 641 114 693 951 558 664 836 497 672
39 522 499 951 236 193 716 575 993 298
4 550 490 343 994 580 394 579 158 566
837 501 395 631 586 869 315 565 57 82
518 510 484 311 28 795 893 675 637 234
5 5
467 93 657 435 855
41 856 123 181 857
929 402 290 745 921
727 314 824 581 900
856 789 68 567 768
3 3
986 125 564
489 141 893
480 194 684
10 10
728 880 967 748 779 131 354 592 460 188
606 109 65 90 872 816 408 941 95 999
713 581 909 918 556 544 706 14 570 558
89 738 396 642 302 933 591 354 782 462
174 824 766 748 207 492 865 834 791 104
334 842 597 870 257 804 195 606 574 442
404 585 198 249 324 954 805 643 107 506
557 755 64 452 634 952 420 779 861 609
673 297 839 186 500 340 850 226 638 927
706 161 500 956 162 946 373 324 228 872
5 5
279 715 672 597 924
562 755 196 586 279
626 192 33 84 414
26 550 326 956 377
395 142 231 107 98
3 3
912 432 131
419 358 794
600 547 71
10 10
696 887 758 15 856 24 312 13 545 711
389 344 129 610 467 170 681 940 744 149
7 464 170 658 916 708 381 405 695 603
421 886 756 564 319 722 276 450 422 622
942 388 809 111 12 642 416 740 790 605
758 353 671 438 442 722 908 618 781 29
78 835 988 644 998 16 972 410 914 720
787 61 970 286 325 27 257 259 776 721
540 253 331 425 24 314 384 530 699 633
913 531 182 68 297 277 734 329 379 73
5 5
633 377 876 563 958
468 518 94 98 354
20 689 808 329 321
920 257 274 81 978
346 355 8 497 987
3 3
292 89 401
963 273 597
470 322 168
10 10
33 84 435 872 419 266 849 750 558 826
362 1000 787 63 197 225 601 970 92 566
257 524 691 901 248 892 495 662 539 724
950 446 818 235 773 959 721 65 495 372
81 219 551 681 662 472 282 648 908 528
933 869 498 64 731 293 300 150 822 597
718 300 998 898 267 475 845 301 588 620
176 627 416 943 602 4 195 868 985 167
681 463 570 813 969 971 914 267 507 150
880 514 30 693 467 202 306 466 795 772
5 5
177 847 847 956 338
626 598 480 95 188
862 926 978 505 555
645 777 302 749 739
864 813 263 267 355
3 3
260 641 537
385 877 170
857 951 192
10 10
907 169 586 130 656 448 592 598 627 299
889 995 861 923 538 256 513 232 485 189
324 828 442 872 874 622 736 329 745 378
907 396 771 375 710 118 68 599 390 206
196 347 701 202 668 597 28 48 476 586
824 1000 193 34 62 736 653 465 634 376
937 582 868 973 199 442 286 711 426 389
701 666 392 129 240 336 303 90 568 130
168 914 837 596 742 24 465 686 968 610
249 996 320 994 820 597 193 859 952 887
5 5
80 227 82 551 590
297 308 36 337 9
257 303 244 21 437
253 372 327 854 94
391 416 921 336 664
3 3
417 393 431
334 995 68
46 405 926
10 10
820 510 934 197 263 116 695 749 164 686
61 539 850 535 959 274 391 210 260 666
332 620 396 938 921 574 910 169 167 827
656 963 513 4 955 519 787 25 350 857
3 118 542 504 547 891 215 814 344 159
786 432 560 300 656 853 466 91 703 457
484 858 74 453 467 132 192 2 275 625
233 135 307 589 774 822 521 841 101 10
10 435 960 597 335 687 795 395 678 306
439 167 191 927 390 81 106 696 873 629
5 5
368 6 329 765 736
530 386 745 481 512
56 862 820 46 559
862 109 149 289 711
221 252 226 495 21
3 3
86 433 689
304 300 188
102 662 632
10 10
137 430 17 146 193 696 150 172 768 331
922 630 514 816 877 925 874 462 941 901
991 361 767 418 377 298 120 225 408 538
504 328 332 877 254 888 304 123 807 198
197 413 722 316 831 173 17 269 814 196
690 590 656 483 468 409 905 630 576 332
678 34 774 442 317 482 622 775 748 915
488 761 66 278 363 758 100 580 10 33
819 922 278 288 420 119 858 120 902 702
143 559 86 374 556 790 299 470 496 928
5 5
263 514 667 259 901
92 979 835 102 961
771 744 291 216 357
409 709 327 45 343
791 613 939 724 878
3 3
156 798 265
247 209 713
705 734 710
10 10
402 132 965 609 45 565 431 486 925 758
494 195 598 891 45 513 444 631 794 868
113 311 910 60 107 573 93 912 206 112
552 136 277 451 990 347 886 572 510 145
348 11 492 338 896 729 364 193 781 550
617 160 512 550 202 519 297 683 29 188
585 986 463 711 738 666 128 709 66 29
661 74 173 150 226 784 457 907 97 944
71 848 468 751 940 729 158 978 998 764
427 684 270 302 666 249 298 48 161 734
5 5
418 197 216 645 553
130 674 128 890 971
135 250 151 728 560
680 400 274 25 883
161 137 441 85 654
